1111111. 587

(11111111 982 6, 0111111101111111 80519, 644 7,

(150824, (111111111264 (15166

10, (147129 (1111111111. 991 26
cersona 11. chersona (1111116186 14
(11111111 ins. 990 12 Chadas 74 9
1111οηί1111 998 15, 11111- (1111611 81 9

1111111699 4, 1111ο1111ο1 (1111111111 11. 89 20

4014, 111111111ο69819, Chalcedon 112 15, Chalci·

400 14 1111969 16, (1529 15
4111111178 10, 1884 chalchonogopolisras 16
(11111101 prov. 69 19 chalcidam 7412
cenisium 216 14 (1111111611 cf. Chalcedon
(1111111111111. 488 8 (111111111111111111 90 12,
(11111 111. 996 9 - terra 98 l
(111111 198 11, (111111011111111014

377 12 Chele 121 9,
Cerva 159 17 (11111111 128 19
(11111111111. 409 10 0111011111 prov. 51 12
0111111111(7111111) 1496 Cham 65 15, 116 17,
(11111(Α11111) (1540 22 117 7, 165 2. 11. 17,
Cesaram 810 l 166 412, 167 2, 887

. (11111111101111111 , 1.11, 9882

Cesarea Argustana 11. (111- (11111180 5, 127 6

1111111111 (1111111111 76 6, (1592 11,
’ (1111111 (Praetorianum) (1 0111111111 967 11

542 16 (151111111111. 78 18, 11. (11-
01111111 (1508 24, (11111111 1111111

862 6, (111111111264 10, (1111111111 218 7

(1471 28 Charra 67 4
(1111111278 1, (1478 1 Chartingine 11. (1111111
(1111111 142 12 chasia 61 10
cespitibus 9 22 (11111111168 10, (1552 8
(11111 102 9, 867 2, (1 (11111111111168 15, chr-

592 1 raros 168 18, (1552 6
01111111126410, (147129, Che 124 5

(11111111662 6, Cesernia 0111511182 16

(1508 24 Chelas 864 7, (1580 6,
Cata 42 10 (11111111 99 18
1111112610 Chele 67710, Leche 400
(10111 42 16 12
(1111511111806 18 Chelidonias 111. 994 15

 

