1115518111 1511151180 5, 8186
1111111848 6, (1519 18 Monumentum 58 18
11111111 151 14 115111111111111151134710,
111115ὶί1151 183 41 11115- - Annibal (15184
11151878 5, (158515 Μ511111151(14885; 111-
11111555111 98 8 11111151 888 8
11111486 81 11511111111111. 800 7
11111155 111 18 Morganum (1497 1
1151 ins. 409 6 Moriduno 485 10
1111ιί11111 154 18 115115ῃί5485 18
1155111111 184 16 11511151 308 11
1151115144 14 11111111 818 16
Modura 78 8; 115111111,115111114717
46 81 1151111814 8
Moesia 11111111 11511111. 883 18
1151111111 71 18 ΞΜ5151151.Μ1111511
1155111175 5 Motuo 404 8ς Motum G
115111148 16 497 16
111111 (1466 18, 506 80 1151115 cs. Motuo
1151111111 supputare 4 10 11511111ῐί51 44 9
Momphooreno 98 14 Movit fl. 889 8
115111111111 98 4 . Moyses (1450 80
11511111. 440 15 1111111 150 5
monarchiam (1488 16 ,Μ11115111 869 18; 11111-
1151111111. 8954 “ oum (1588 88ς Numn-
1151551111151 851 113 115- 115111 177 9
1551111111 (1588 18; mueronem suum 81 11
1151111151 184 1 111111 (1115111) 809 1
. 1151515111 (Barium) (1506 Mugud 858 15, (1581 88
881 1151515111 (uirium) Muleou oi. 1111151
(1467 6 · 1111111875 8; nune (1479
11511 Compi (1486 88 19 ,
11111111111111 (1478 8; 1151111 1111111111 869 181 11111111-
Feletre 878 8 111 (1588 81
11511 8111115111 (1487 8 111111 (1479 19; 1111118759
111111111111 (1461 16ς 11511- 1111151858 7; Μ1151140 8,
silicio 857 18, 888 5; (1581 14
11511 1111111 (1544 18 multiloquium 886 8, (1548
1151111111111 878 81 Mons 18
11111111 (1418 8 multogento 11111181 6
Montobulsi 811 16 111111111186 8

 

