670 5551111.

Ubus fl. (Numid.) 152 18 11115615 17
Ubus fl. (1155115.) 164 19 Urius 286 165 01155 (1486

1155511 61 21 17
11555555555129 16 111155 (Bithyniae) 664 13
1155555241 15 15155 (1529 21, 511515
Ugernum 268 9 111155 (spaniae) 617 16
Ugium 617 4 11155115155. 409 9
Ugrulentum 466 21 115516. 166 1
Ugueste 4868 115115 650 1, (1520 43
1115511. 299 4 Η55115141 10
515551 416 1 1151555115515 46 5
Umagum G460 6. 95; 51. Usum 219 15
Humagum (1551655184 7
umbilicum G466 4 1155555 51 Ubus civ.
Umbris prov. (1504 9 5151 sunt 212 14
11551155 267 6; 1115511515 1115111551. Β5151115
(1489 18 Uthumus 145 20
Umbro 286 7; 1115515511 Utica 142 14, 147 8,
489 5 648 11, (1516 24
1111151555 268 2, 665 17; Uticensis Catonis (1450 10
11551555 (1474 17, G 1151555155051555151515 428
undosus fluvius 175 9 11151555] (1509 26; 51. Li·
Ungsni (Albis) 216 5 ternum
Ungula (1496 6 RUuumu 611 4
Uni 202 14, 11551515 gens Uxela 486 18
28 9 1155115 424 18
1151555(1155515) 209 6 11551156555486 1
1151555 prov. 66 2
universitatis opifex 4 5
11551515 511151 155551 72 22
1155155526912 156151515115515 866 4, G
Unuca 146 1 611 16; 115615 volumnia .
11155515 277 9, (1461 11 268 6; 15615 Veliternis
Urbem (Romam) (1455 18 (1474 22
1115555555 (1488 193 0155- vugsverit 64 17
vetus 285 17 1515511466 6; 6515525911
Urbs 651515 (1496 1 55165 551556161551155420 9
11165555 241 7 . 15155115 155151 ins. 414 12
Urgapa 616 17 . 15155115 151551155. 414 16
Urgum 115 5 , 15511115155111551) ssu 11

 

