anax. 677

Biblos 857 8, 6525 1, Bi· 8116666179 1, 811666 186
5166 89 0 18
8156516116 (Aethiopia) 8 18, Bireum 197 5
75, 138 9.11‚ 189 8, 811366162397
168 18, 166 7, 41610 8111161116. 4414
815616 269 4, 336 16, Bi· Biritoa 6625 2, 81115566
56616647513, Vigola 8910, Piriton 367 6,
6612 4 77111666 6524 24
8156116 Balentia 264 8, Bi· Birobesca 818 19
bona Valentia 6471 16, Biton 61. Boron
508 16, Vivona Valentia 'Bisigibilias 11. 218 13
88118 8161611208 16, 380 4, G
8156111661. 815616 542 6
Bicera fl. 299 2 Bistua batus 211 15
Bicinion 61. Buccinium Bitam 6638 6, 8611661
81661680 2, 86 7, 1104 368 15,Α5111661172 18
81666 62 16 Bithena 184 17
Bidana 288 1 Bithina 144 3
8166615614 Bithynia 36 19, 37 8,
Bigeata 2108 91 10, 1148
8181224 2, 8810, 65436 Bitricium 260 9, 6457 6
8156111663Οο 6 Bizacium 146 15
Bile 74 19 Bizantia 280 16
811616 61. 811166 Bizantion (Constantinopolis)
Biliaa 61. 8611166 6534 17
Bilimaagram 40 19 81661181 11, 8166116370 18
8111611364 10, 8116619916, 8166616 61. 81661
81116611 65306 8166666264 9, 832 5, 6
Billari 61. Ballaruni 47122, 50823
8111666 61. 811166 Blandiana 189 2
Biminatium 818 16 Blautaain 116 15
Binda viena 144 6 Blavia 298 4
Bindogladia 426 7 Blegmiea 188 1
Bingnm 227 7 Blentia 396 19
Binnagar 487 Blera (Apuliae) 283 7, G
Binnaataa 129 12 466 8
816666 110 18 Blera (Etruriae) 284 18,
Bion 189 15 6488 1
Biperaria ins. 408 12 Bleza 11. 235 16
Bipona 314 8 Blezia 285 3
Bipplium 221 19 Blinca 42 6
81

 

