mnu. 885

Seruius. 408 11 8555515115 169 11, 88815
8555551555 97 6 51855551555115 5185555-
Serbitium 217 15 ,155511
855551555555185555115555551 8555515155 88 18
Serdica 191 10 severianum (81555 8555155115)
Serduno 488 12 (1487 8
8555115 181 5 85515 8489 7
. 8551581719 855155115558401ος 855-
serianum (Oceanum) (1547 9 Ι 15511555 (1518 281 Sester-
85515518555155) 11486 11 11555 845 9
85155115ᾰί5) 45 151819, 8555115258 18, (1468 18,
8010, 4171; 8551555 505 6, Sextius 8868
48 18 Sextis (Aquis) 844 8, 840 4,
8551555555] (Mesochorum) G (1518 11
487 8 Sextus cf. Sestos.
Sericus ins. 896 5 815515 (1555555555 68 17
8551555 Oceanus 415 173 Sibaris (Baris) (1465 80,
855155 055555 481 7 468 9, 48514, 50618;
8551551 211 5 815551 G 466 4
8551555 227 16 Sibaris (855555) (1461 1;
8551515 46 18 cf. Siparis
Sermusa 99 7 81551551. Sibrium
85555 808 6 8155115 897 8
8555515515178 19 Sibrium 858 71 815515 G
8555551555 72 12 458 18
855555155. 894 19 Sibrorum ins. 406 17
855555 878 8; Arsene GiSica Β5... 148 18
478 2 81555 102 18
85515 286 9 81555 220 18
8551551155551.85515511555 81551555 80 9
Sestos 872 1ος Sextus 188 8151115155. 408 6, 406 8,
10, (15858 (149818ς81511155407 85
8515518481, (1515 81 Siciliam 868 5, 894 4,
Setavum 554 5 4051, 545515, 4711,
85155551 cs. 851551 507 28
8515555 (1514 143 Seterram 81511155 146 8
34116; steros 3036 815155 877 9, (1589101
Seustatio 818 6 8111555 400 ll
8551155 8827 8151158176, 88018, G
8555515551176111 cf. 85· 548 143 8151151 809 10
5551555115 51 8555515115 8151151 es. 815115 ·

 

