514 11111111.

8181111101 198 10 8111111111 (8111111) (1488 8,

811111111111 11. 179 16 8111111111 179 8

Bagrada fl. 1111 17 ,8111111111 Costa 8111111111

Bagradas 151 9 Η 1811111111. 81811181111111)

8111181151) 118 1 18111111111111 185 16, 811-

8111111111111) 888 10, 8111, 11111111 regis (1488 18
(147119, 50911, 8111 81111111 117 18

8111216511.8 Baias (11111111) 81411118 (16101019

8111111181 1, 11111, (11111111111111 11, 141 1,

81151214117 179 8, 8111111111 81ἓ11511111118157 11

8311ἓί13157 14 gffitff 113197

81111111 of. 81111111 Banasa 161 17, 845 6,

81111181111111) (1490 8, Banasam (17116 19
8115111111 187 16 8111ςί1 fl. 100 11, Raugis

8111118111111189 11, Valba fl. (1558 1
(1468 8 8111111481 10

(1499 8 Bannovallum 489 8
8111111111 prov. 69 5 8111111 (1487 10

8111111 145 19 81111111 66 15

Balearicum 11111801 4, Ba· Bapeni (1100) 1⁸9 20
1111111 mari 111 11, cr. Bapineo 2⁴0 9

8111111111 187 16, Bulba 8111104178

vala-1201 811179 10, alia 81 14

81111110 116 9 381811ςο1111 84 9 ,
Balenin cs, costa Μηρώ, Barbalissionffiyme] 88 13 =

8111111111 cs. 81110111 81111111 Bafbfflssfflffl (Pffliffi) 54 8

111111111111111111111 11, 1111111101 ⁴ 1³ 1⁷1 42

111 e;cs.Valent1um(caf. 186 8, 44110, 11111-
binjum) 1111111011 (1546 11, bar.

8111111111(8111111111111111) 181 ῗὲἳ ,Ἧᾱοαῧῂίζῂαὲὶξῖῃὲ

1, 311111 1111111· tionibus 111 11
1111111(81111111111111111) Barblang 53 10

Balicin 184 11 8111164 1
Balictanor 67 1 8111111111 ef. Colonia Bur—
8111111184 11 eino

 

