muux.

Eldebuldum cs. Eldevaldus (99999 189 18
9199991999201 16, 9109-(999999 86 1
valdum 214 5, Eldabal- Empurium 55 14
dum 226 14, 290 6,199(19191921018
949 16, 999 12. 1911919999199499 11
999 9, 999 113 cf. 9919999999 cf. Eutimidion

(lebaldum 91 1199591699. 9999 404 19, 0498 11
9199 362 6, Ι0528 12, Ennavia 199. 409 11
Η9199 107 17 999199 0469 15
919999 287 8, 048923 99991996.40514
919599 222 16 99999 981 5, 91999 229
9199999191999 17, 9599905492
Elefantaria 151 11 Ι999997215, 0535 9 .
91919199. 441 14 Ensis 0491 0
9191199999 397 9 9911999996. 290 2
Eleusina 198 8, 975 14999999 04954
0588 8, Eleusinum Eolo 0495 2
19817 99999919 222 10
9119 144 11 Ephesiam Helore 91 6
9119994211 Ephesus 0527 19, Efesus
999919 cf. Elatia (Asiae) 1078, Epheso 053011,
9119919710,9119(119198 2, 9959999937 22, 961 11.
9119919 19712, Ellade 13, 36416, 052722
198 3 991699999(99199999.)976 9,
991999999999(999919) 182 3 991199999990 11, 05389
Elliapontum 923 17 Epidaurus (Dirachium) 0540
9199 904 11, 9119119343 3, 4, Epidaurum 0544 20,
051510 y i. 9. Epidamnus
91999 cf. 99999 Epilentio 211 20
eloquium 99 7, eloquio Epiphania (01119199) 99 5
387 9 Epiphania (899199) 88 5
Eltabo 4245 Epiphanius 117 2, 3878
Eltavori 429 7 99199 199. 998 9
Elusa 900 6 991999192 9, 9999999199 9
Elvillum 0491 5 9911999999 (99199.) 91991·
Emanio 211 19 (199999
Emaus (Nicopolis) 82 17 9911999999 (Dalmat.) 979 14,
9999119 88 7’ 99999999 (1191191999) 0
Emilia prov. 247 19, 0501 541 25, Epitaurum (Ra-
18 guaiam) 208 10
9991119 0501 17 991119 209 5

 

