606 mm.

810110 fl. 69 14, 784 (811110 01. Side
Side 103 13, 360 9, 811110 Sile 11. 990 13
(1093 19 8110011011 106 16
8101111110 163 17 81101011111101110. 419 10
8160110307 0, 8111011037 18, 8110110010 109 17
3911, 81001110 (109493 81100 01. Sileon (40100)
81110110,81(10111001.81110110 Sileon (00100) 364 13, (1
8101110309 10, (109616, 030 8, 811001001
80101110 103 10 8110011 (1101.) 963 9, 330 7,
8130111010, 8130111011, 0181- 811οι1111 (1471 6, 8011101110
30111011 (1008 9
8130111011 367 9, 8130111010 8110011101. Sileon (1101100)
73 4, 8130111011 (1039 9 8111011 01. Filium
8130000111 (Portum) (1016 96, silitum 983 3, 8483 9
81301100 (Portum) 340 13 811100 100 19
signa municipium 106 3 8111110 148 10
signium 970 3, 81310008 81110111 71 91
479 13 8111001τί ins. 399 7
8130111100 313 11 8111101101. 811010
81301011 111 19 011110 1111010 994 11.17,Δ
81311100 01. 8131110111 summa (1400 11
siguense 14811, 1094 8111000103οΙ 17, (1091 7,
81311311οΒ00 fl. 996 9 8001100010140 14
8131110010 1944 81111010 70 3
8131111110 fl. 936 3 sime 011. (1098 3, Cimo
8131110 81 16 369 4, (11111110 107 10
8110 (Asiae) 79 0 Simo 1110. 396 9
8110 (1101100) 976 0, 80110 8111110010 149 4, Siminina
(14800 349 0, (101919
8111100011 01. 8011100οπ11 810111100181111101110
8110110111 01. 81101011 8111111001οἰ10. 414 11 ,
81101011 978 3, 8110101118 81111ρο00 00 90
489 10, 10110 Silarum 8111111110 47 14
904 14, (1479 3, 81· 0111101111 unum 384 7
larium (1009 0, Sala· 8111000110 79 13
1111111339 19 811100 86 8
Silarum 01. 81101011 811100 maior 1110. 490 4
8111103310 81110100 77 3, 363 7, (1 1
011110111101110101010, 11114
(1043 93, Silvium (1461 9 8111001οᾱ0111 433 8

8111101110 01. 811010 811130 fl. 90 1

 

