558 5111511.

4551115220 18 Ι45111 172 13, 369 10, ,

4551551115 252 14, 45511114 (153319

(1458 20 ’45115 404 4, G 497 17
Acerdos 194 17, 3743 ,45155545τί55 51. 451555555-
45515514 278 5, G 482 12 51515
4551155114 G 487 11 Acroceraunium G 539 22,
45511114 ‘G 458 20, Acer· Acroceaurion 378 13

culos 252 14 145114 Nicopolis 193 1,
455115 48 3 451145155115115 (1539 17,
Achaia 398 18 451451455115 378 8
45551515 fl. 193 8, 451515551 1545111155 apostolorum 33 9,
Acheloum civ. 378 5, 45115-14511514 155. 414 17

1555 (1 539 14 Aotranioopolis 51. 45114 Ni-
451151555 51. Acheloum. copolis
4511551177 2, 3686, Ao· 5515554 200 15

beon (1532 23 51454555 ι 4511555 239 13
451114 86 15 14555515 219 14
45515115 51. 4551114115 Ad 4155 94 18
4511141115 170 5 411 decimum (1480 19
Ι4511111115 G 536 25 411 duodecimum 145 9
4511111555 (1537 1 Ad Gemella 315 19
Achillis ins. 392 13 Ad 155555 51. 411 leones
45111155 11 2 Ad leones 343 6, 40155555
1111111455 ’551515
Achivis G 461 14,Ι 544 11 411 11551414, 411 1155151111
451451555115 51. 45114 Nico· 51. Ammonilia

polis Ad novas (propo 01551515)
45151555 fl. 207 4, 45115- 2864, (14892

1515 193 8 4111111111 (prope 8115555415)
4551555 206 1 267 10, 285 1, 335 9,
45555141112 (147410, 4885, Nova
Aeolo 349 16, 455514 (1 511 5

6520 2 455154511515141 6, 3505,
4555145 3675, 4551114515 G 520 g

(1532 5, (1415451575 21 Adpertusa142 11

4555111515 51. 4555145
Acontlsma 1339 373 10 411 portum 0555 (1474 13,

Vieontissimg G 535 20 AdportumGossom267 13,
A001d151099 ‘ Portum33513, (15119

4551115 1237 ,Ad putam 143 7

 

