⁵98 11111611.

6611166 (1499 4 ,9661161116 999 6

96611116 909 9 1936611 61. Egion

91161166 61. 96611116 civ. ⁴Eget 119 6

9116111 61. 161636 {Egerica 191 7

96164944 19866116 404 6, (1497 19
9116116 61. 9116116 ,96616 199 11

911616 906 16 1961616 96 10

Ebria 906 17 1961166161 ins. 410 7
9611196116 940 6 'Egion 877 7, 4009, Egon,
Eburacum 431 16 Egeon (1699 6
9961666616111494 19 96116 977 9, 400 10, (1

9111166 1116. 416 1 699 9
966116, 1966116111 61. 9666 9116 969 19, (1696 99,
11611161 6; 6611116166), 1111166 8

(149619, 96611661 1119361166 ins. 4091

49919 19661161199610, 936 9
9666161166 69 91 19366166 61. 1666111111
96616616 917 4 Egounticum (1494 91, Ego-
9661166 61. Edippa 16111166 991 9
96161166 976 19, 9116116111 91116111 67 10

(1490 19 Egritium 61. 9111111116
eclipsin patitur 94 99 9669111111 (1479 9, Egubio
9661111ς699 19 973 9
966116 999 17 91111661 1116. 441 90
9116611. 946 6 9161166611 61. Parnasum
9116116 949 9, (1616 10, 916616 61. Elatia (Helladis)

Eloe 904 11 91616166 419 10
911611 16 6 9161111116 (India) 46 8, 916-
91166679 9 mitem 114 19, (1647 6,
Edessa 1969 9161661116 416 6, Elatia

Edino 911 7, 61. 9611111611 44 9
Edippa 99 19, 96111166 9161661116 61. 9111111116
9679, (169491 916116196166)9699,9116616
9616111611 prov. 66 6 (1699 16, 9616116109 1
916666 61. Ephesus Elatia (Helladis) 976 7,
Egon (116166) 74 19 916616 11697 16, 11616116
9666 (Helladis) 61. 961611 199 6
93619 9, 1619, 166 8, 916116 61. 9161111116
416 11, 61. 1161111161ιί6 9166161111 ins. 441 6
6191611166 9166616 494 6
9661111 169 19 9166111116 49 17

 

