Litium 6977 714 7, 76614, 74614.
litantium 7, (1464163 6017
uf. 1161666116 Lollianum 61. 16116666
litoreas 6111166166 (1460 11 1666616, 16616166 61. 166·
Litri 6666166 7 14, 166 16 nium
1166666116 (1646 173 tf. 11· 16661666617 1631661616
torulis 646 163 [16616166] 646 93
litus maris magnit 16, 7 16616166 166 63 1666166
7.16, 616.....3 ..61666 (1617 17
663666166163 ..mm Lomundo 617 16
(tullianum 73-066661 1616666 47 16
7 1. 4, 64.,..3 ...0666- 16661616 476 143 Londinium
num 67 6, 166 163 - Augusti 479 173 Lanuini
per latum Oceanum 77 73 476 7
..11616661661166 466 163 Longis 166. 441 16
..6666166 446 16 Longobardorum G 466 6
11666166 171 1, 176 163 1666666166 467 6
1166616617110.16,176 laquel( 661 83 loquelam
16, 160 610, 166 66, 661 10
16616 166166 764 6, (146716
1161(116666ι)777163 Livii Loth 77 0, 767
(Forum) (1477 71 1616161331 167 1
1161666 ef. 1161666 Loxa 466 14
1166616 770 4 1661666161166116) (1466 11,
116661661616716, 64663 607 11
.. coloniam (1616 71 166166 674 113 16166166
Locatreve 466 16 (1666 77
16616 3116616116 166 9 1661166166] cf. Rubricatum

1666 Geminis, 1666 Venut- Luca 767 173 16666 G 1

616 cf. Luco 76666616 490 9
166634633611) 176 14 16666661116666) (1467 113
166116 (ltaliae) (1667 16 1666616011666) 7164

Locris 766 6, 6666, (1166661674913 Lucaniam 3

4⁷15, 666 1 6666 s

1666616666666 766 143 Pis· 1666616 (Nares) 776 4316-
666666 (1466 16 66666 (Nutu) 11467 11
164666 466 7 Lucanus (1460 17
Lognafl.2181t 1666611460 63 1666767
16116666 171 11, 160 73 17
Lollianum 119 16, 1766, 16666666 6666666666 9666
16416, 1664, 19616, Lucan 61. 16666 civ.

 

