rapax. 667

1666166166 166 10 11166616 6464 1

Tolabum 41 6 4 1166666616 606 11, 6616 br
1616166611 10 J Traducta 6446

Tomis 181 16, 670 14 ,116661161666 6616 16 ’
16616111 16 ἷ1166616661616 16 4.11, 18
1666666681811 19, 1016

16666661 40610, 649616 transmutatae sunt 6 11,
1666611666, ere a, 6 aso 1 “

666 19 Transpadanus cf. Liguriae
Torgoris fl. 48 11 Trapezus (Bosforan.) 174 1,
1616616 166 6 670 7 ,
Terrena fl. 146 11 Trapezus (Ponti) 101 101
161166 fl. 168 7 Trapezum 666 103 116-
16661616 47 11 pezunta 6661 18
16161617718; 1616166708 Traspadinae 61. Liguriae
1616116, 6116661166 117 11; Traxula fl. 467 8

Atella (1616116) 64816 Trea capita 641 8, Tria
Trabitium‚ Trabiurn 61. 161- capita G514 233 0166

bision capita 804 1
116116 180 2113 Traciae Trebiam 610 123 Contrebia

180 11, 188 11, 6 6106

684 6; 11661616 186 6 11661666. 189 14
1166116666 6466 6 Trebio 174 183 Trebius 6
tractum expletum 6464 1 479 6
Traducta 61. 1166666616 116666 6491 8
Tragon 61. Antiochia epi Traga 166 11

116366 1616616116166166, 11616616
Tragulis 169 17, 866 6; cf. Tergeste

Trigulis 6611 6 11666116 166. 409 17
1163111166 10611, 68016, 11666166161 10

Tragurium 6641 16 1166116 184 4
1161666 (Trauos) 6466 6 1166166117 18
Traianopolis 183 1, 876 6, 1166 tabernas 177 4, 6481 6

6666 16 1116 capita 61. Trea capita
Traianus 611, 186 1ος 11166666646 16

Traiani 6464 1616, 1116161661 6116166166

1161666 6466 1 Tridentum 166 16, 6469 11
116166 97 17 Trigomidia 111 4
Trana 6606 14 Trigulis 61. Tragulia
Tranas 6466 8 1111166 196 16
Trana 6464 6 1116166166 187 6

 

