616 111111.

111119. 949 10 1111111111 150 19
Izinon fl. 991 17 1111111911 150 14
Lambrum 951 9, (1457 16
1111111977 111 cf. (111111 1111111119. 989 9
Κ111111,1111·111111 191111- 1111111 149 8
tago 11111111111 prov. 59 9
Kefaludin (1499 91 (11111- 1111111919 17
iodo 403 1 Laminium 954 8, (1471 91,
1111111111 (1599 71 91111- 508 991 111111111111
(1111110919, 9599 9994
Kyzioon (1599 41 (1111111 111111111195717, (1199
108 151 1111119999 17 ’
1111111111. 919 18
11911111119111111) 45 19 1111111111. 407 8
11111111 (1110111 minoris) 11111111 prodigiis (1590 14
54 99 11111111 199 19
1191111 (1496 191 11511111 1111111111, 1111111111 cf.
409 8 11111111
1111111194 14 11111111 498 71 11111111
Lacedemonia 979 9, 999 495141 Londinium Au·
17, (159815 1111149919
11111155 91 1111110111 900 8
1111111919 19 Lugio 998 8
1111111111 918 15 1111151111 907 9

1111111111.11111111(9111- 111111197919, (149919 ,

tinorum) 111111 (1594 151 Iamiam
1111111111 191 19 855 19
1111111914 15 Laodicia (Syriae, 1111111)
1111119001 9718, (159510, 597
111111 54 90 991 Laodiciam (1595 191
Lagentium 4915 1111111187 91 1111111111
1111114111 Ligarii 95715, 951191 111-
civ. 959 11 (1111111958 9
1111111 188 5 111911111101111111) 99 15
1111111 199 9 11111111 (Syriae, 11191111)
1111511111 491 8 88 8
1111111111 999 9 11111111011111111111111109
111159 1 11191111 91111111 105 15
1111111111 157 9 1111111111 999 19
11111111 917 17 1111111111 149 7
1119111111 151 1 1111111997 10

 

