648 min.

Rizion 102 4, 31151011 G'Rorimm ef. Lerimm
582 2, 3111101367 3 Rorimorum 97 10
11050111 (1480 20 ros herophormum 11 14
Rodacis 312 15 Roscium (1525 18, 801010
8011100111242 12, -Luu- 358 8
1011οω11242 6, 11001110 8010106100 99 5
242 7, Rodanum fl. 2876 30111010 01. 3111110101
Rodingis29711 Rotas 280 1, (148315
Rodos ins. 894 16 Roxoluniu 199 16
1101111274 9, 33413, GRoxolunorum ,111111 29 8,
473 18, 47822, 479 1, 175 5, - patrium 421
48119, 4941, 504 6, 18, -111101111175 15,
510 17,8011111(1466 5, 8010111101 324 10, 417 8,
469 16, 8011110276 16, (1552 14
279 7, 280 9, 284 6, 30511 (Mauritania) 153 10
285 4, (148017, 4811, Rubos 282 11, Rubus G
483 7, 4841, 48714, 485 17
488 8, 4917, 503 20, 1111511269 5, 337 1, (1
540 1317 47514, 5125
8011111011 (1534 19 Rubras 156 9
8011111Τ111011249 3 Rubriari 307 12
Romani 8 3, Romanorum 30511011111111. 408 15
consul (146410, -0011- Rubricatum 804 3, Lubri-
11110 (1501 16, -001110- 0111111342 10, 1111511·
115111 (1540 9, -001- uatum (1514 25
mogruphum 120 1, .- 8051110111(8111101111) 412 15,
1101011018467 20, - (1500 23
3011117 14, -imperutor Rubrum 111110 515, 5017,
32 2, - philosophum 60 3, 12916, 39018,
286 18, ..philosophos Rubri muris 165 15, (1
171 12, 180 7, 186 5, 5498
19813, 20511, 2148, 8115111 (148517, Rubos
23615, 24614, 8013, 28211
-11011111111110132 3, Ro· Rueinium 208 9
munos (1450 11 1101118468 19, 5075
1101111ιί101 191 15 Ruginio cf. Revingo
Romould (1467 16 Rugium 231 16
Romula 220 15 Ruguniuo os. Rusguniae
Romulus 188 18 Ruigno cf. Revingo
Ronnuuuris 71 17 Rum 67 8
1101111111 178 19 Rumubo 484 18

 

