582 monn.

Camagora 42 2 Canobum 0528 885 0555-
Camarinnm 0482 12 555 855 15
Camarum 57 6 0555515 204 5
05555515] 5114555555 canonizatas assertiones G
Cambissis 0. 77 15 450 2
Cambra 104 8 0555555 855 155 Canobum
Cambracum 808 15 0523 28
0555115151 008 12 05555 155. 005 20
05555ιοί5555 408 16 0551555 007 14
Camelaria (Niceria) 0401 4 Cantiacornm (Duroavarno)
Camena 44 10 428 4 ⁸
Camia 61 16 05511115 208 7
Camila 101 2, 066 15 Ca· Cantivsnti 400 14
milia 0501 0 0551555155 241 6
Camilia 51. Camila *Canubio 428 15
0555551558οὃ 10 Canusium 046416, 485
0555555515 prov. 600 105 Canusio 282 10
Campania prov. 248 12, 0 Canna 425 15
508 21 Ι0555102 16
055555515Τ55551555515240 2 50555055 11. 00 2
Campaniae caput 277 11,·055515οο 408 15 1151515015
0481 17 0406 6
055555155505151555.) 206 7 Copula 80 12
Campanidon 1761 05510555 186155 Cappi-
0551555551Ρ555) 0481 103³ 0555 178 8
0555555ἰί (Ponto) 277 8 Capitoliada 84 10
Campi (Mons) 0486 28 capitulo 28 2
Campi Campanidon 1761 0555115 170145 Calipolis
Camposalamanon prov. 60 8 (Β55155,) ,870 2
0555150555 480 10 Capora 178 8
Camulossesa 400 21 05555 cf. Carpus
0555155. 441 12 05555 817 5
05505515515185 05505515515 Cappadociae 18 6, 045
1188, 16655 05505-055555581011
cissos 416 8 055510555170 85 05510555
0550551510512 . 18615
0550555555 71 0 055515· il. 285 10
Candoribag'aa 240 7.17 05555150482175 05555115
Canabri 007 10 278 10
0551555015150. 77 10 Capraria ins. 410 16, 51157
Canna 0460 28, 50612 41816

 

