664

Teon 107 11; Teum 6611.
(1616 6

Tepiea 61. Thespiae

Tepidae 160 8

Tepte 6616616 161 10

1616116 ina. 406 6

Terdec 11. 440 10

161666 fl. 77 11

161661166 607 1

Tarentum 144 11

Tergeste 661 11, 6644 1;
11636616 166 93 Tregeaten
167 66 11616616 6460 4,
461 6

Tariona 116 6

’161166176 16, Grae 10

16111611 prov. 61 16

16116616 ine. 414 6

161616111661491 10

1611111661. 16611616

Termonin 416 1

16116666 116 11

16116666 611 11

Terracina 61. Teretina

Tarragoaa 61. Tarraconem

Terrena 116 9

terne 146 6 ,

testatore 6

1616116 (Atella) 6461 6

tetendit lineam 1 6

Tetrapyrgia 91 11

1611166 111 1

Teum 61. Teon

Thebyrrua 61. 16661166

16666 116 19

1666616 146 16

Thrage 48 6

16616616 146 16

16616116 1

Thamanon 191 14

1661661661οηί 146 4

mnrx.

Thamara 64 7

16611161 666 1;61.166616111

16661611(1666666611666616)
(1614 1; ef. Thamui

Thamari 60 14

Thangin 116 6

1661116114 171 16111666 17,
(1616 16

1661666614 16 61. rhemum

Tharaantee 166 6

166166116661114 6, 66116,
(1646 11; 1661661166
196 6, (146616ς 61161-
6611666616

16616616 146 7

166666 166. 696 6

16616616 60 4

166116 964

Theatrum ine. 444 4

Thebaide 166 6

166666166 161 6

16661616161 16

16661666106 4

1661166166 166 9

1661116116 14

1661666666116161 16

Thegubria 81 6

166116 61 1

166116 114 6

Thelmion 61. 1611111666

1661111166 60 6

1661661166 61. Thenas

1661166141 6, 6606; The-
1661166 (1610 6

Themiaeinion 106 9

16666161 11

1661161116. 4448

Theneheatre 146 16

1661116160 7

Theodosia 670 43 1666616·

66116176 17

 

