588 51551.

Ι 0115111151. Chelas Chrisepolis (15111) 971 91
01151555 197 14 0511555010477 11
Chsuopolis 196 8 0151151511 fl. 90 5

Cheroni 51. 0115155111 Christiane provincis 118 10
0115151111 199 4, 375 83 Christopolis 51. Neapolis

Cheroni 0537 16 (111551551151
01151151 84 6 0111551111 51. Chronius
511511551151397 Chronius 375 91 Chromis
chersona 88 4, 173 16ῑ 0537 17ς 01155111 1993
0511551870 3 01151551 151 10
Chersonessos civ. 397 3 0115151151 149 10
511511551151444 19 0115115154 1; 05115347 5;
chiliopolin 301 1 ’ 0511551 0517 94
0111515555 98 17 Chyroosmus 139 15
Chimerion 51. 0115511515 0155111155 190 3
Chimerium 368 16, 369 1,Ι 01551511, 0155511 51. Cyaneis
371 7, (15337103 Chi· Cibslis 916 13
5151155 173 6; 0111515115 (libera ins· 398 10
05343 0111115 360 1, 0596 181
Chinnidnm 51. Cnidum Cybirs 103 19
Chiorends 194 14 cibo vel vino ignari 901 10
Chisiduo 146 4 0111511155 prov. 69 14
Chisopolisssulis) 0477 11; 0111511111 0517 9; Uberi
0551555115979 9 346 5
51111115 1, 15111, 5 eierasse 11
53919 Ciceronis, Murci Tullii G
05515155555111199 9 450 16
01151511 81 9 Cicutio 497 6
Cholle 89 9 011555 51. Cylene
Chollenou 194 9 01155115 (Syris) 85 15
01155111 51. Chronius 011151190 1ος 01115155 93 13
Chorssmlon prov. 48 19 Cilicium 90 17, 109 8
0115551151 51. 0511551 0111515 0475 901 51. sessile
choruscat 0541 8 01515 369 43 Sime 0598 8;
0115551939 4 Cymme 107 15
011515 51. Chore Cimmir 73 3
Chostes 195 18 Cindocellum 435 17
0115115154 4; Choes 347 9, 01551555 303 3, 341 191
0517 91 11151551 0514 10
Chremetis fl. 1199 0155 363 11, Gonu 63
chrisi 1111. 490 14 Cyos 1⁰9 6

 

