6³0 4444444.

Narona 108 15, 380 1; 1144411404144, 512 2ος

’ 114440411οῊ Narona Nabalia 170 5, 80716
(15414 1144444444 05 15

114414 50 10 11444 10 11

Nartiae 110414) 811 4 1144144440 415 10

1144444 108 7 1144444 81 5

11444141 118 0 Nazareth 01 10

Nassa] 444 40 Neapolis (Afflcu) 444 4,

1144444404441071 840 9, (151916

1144410483 0;(1444104056 6, Neapolis (campan.) 165 4,
(15148 033 5, (1471154 -

114444141οθ 18 (Parthenopis) (1500 10

114414 111 16 Neapolis [Istriae] 155 11,

444444 404 · 1 444 44, 444 0, (4440

Num 404 · 1 4. 44, 444 40

1144144444 04 11 i Neapolis (Macedoniae) 104 9,

1144141441178 , 078114 -10144141044-

1141440 900 ‚ 114) (1505 11

1141444 116 14 ζ1144401141Ρ41444114441 84 15

1141101444 161 4, (1465 11, 1144401141114151441) 101 10,

000 40, 1144101444618111 400 40

1144545041 4404144 6 11;·114440114(044(114144) 411 7,
1144440104 montes 106 110 (1500 1

Naucratim 444 44; rm* Neapolitanorum 4444
11440444114 110 15 114441117 10

1144444411441.11444441144 N0⁰0¹⁸¹¹fi⁰⁰¹ 37⁰ 1θὶ Nioe·

4441141 177 15

necessitatem 14544444 000 5
1144444104 (1500 ¹13 1144- Nedinum ef, Neffinon

pactos (114444410444) 870 ¹ Necropofi, 121 4
2³ 11444144 198 15 Nedinon 444 4; uadis„

Naucnemon 01. 1144144440

114444410444, 1144444144 41. 110 8; 1144114444 (1541 ,

Naupactus · 144 ef. Edino
11444110 111 19 11441440 41. 1144114044
1144444411. 407 10 Negra 57 0
1144444404 105 19 Nema 56 10
1144144440 100 143 1144414- 11444444 41. 1144444444 ,

emon (1581 0; 114444-ς114444444434011;114444υ ¹

mon 865 10 1 14411, (151016
1144444404 montes 166 113 1144444441041ος Nemeseo

11445450414404144 6 11 1 855141144444144465185

 

