ΕΦΕΣ- , 593

cosmographos 55 2, 154 016661 0526 61 (ironis

171 cosmographis 13 15, 9216, 3598
14 6 016616 cf. Crunoi

0666661 of. Ad portum 0666 016661 220 17
⁰⁰⁸⁸i¹¹¹⁰¹² ⁰f· ⁰⁰⁵st⁰¹1 ctesifontis 66 1; 611116161-

00181011 11101· 51 1⁰ 116 78 21; Ctesiphontem
cossura 1116. 407 2 67 1

06616 06116616 2709, 338
51 06616 Boionio (1512 C⁰b¹⁸⁵ ⁰f· cums

263 0666, meni„ G Cubioumbilo 549
476 10 Cubita 2051

6111161166 16, cocras 6 Cocconis 111 11
457 13 Curuus fl 78 2

(30661315367 [ο (1536 103 .¹ouiuo 6111611116 312 7, ouius
001666, 76 5 161116 316 11; 66166 pro

0601161164271111116 314 5
Cougion 313 6 Collo, Oullum cf. Chullu

0021262 42 fi 0616616 347 83 0616616 G
0161115616 211 6 518 2

Crmbignig 191 17 (11111198 333 9, (1509 203
crater 116 1, 6166 4 0111111471 101 011161

0111111176 11, 6161 16 2⁶⁵⁹

Crebonis 206 7 06616 61. Cumas
016616666435 12 0661111166 216 16

Cremona 252 15, (1458 21 06616 045814;06616111
Croto 1116. (1405 151 Crete, 2528

v Cretam ,996 13 Cumodina 190 4

0161666116 106 1 0611666661. Gunogus
0161166377 12; 061666 198 0611611666 426 16
11 (iunia 0. 439 3

Crimium (1459 8; Sirmio 0611166161ὶί66. 406 18
253 8 06616 ins. 440 18
Criuo 262 13 0666166666] (1467 3

0116111 3366 (1509 17 0661116016817

01166611 (1486 18 066666 (Vico) 190 17
0166161116. 410 10 Cupra 326 17, (1505 15

016660. 298 19 06161616 241 5

Croton· 263 1, (1470 19, 061166 314 16
507 20, Crotone (14705 0611661161. Corioos

Croucingo 433 6 06161666Ι mu. 409 3

Orubicaria 44 18 cursum (161 16 11
38

 

