584 11111111.

0111185 8
Carris 79 17

Caspium portae 11. Caspias

portas

0111111111 prov. 69 18 0111118111 281 12

011111111 187 14
0111111111 41 11

01111111 408 12;

Cesarea
6496 17

011111111 (1479 6; Cassio· 01111111197 1

111 274 14 ’

01111111402 8

0111111 179 2, 18614 011111181111110488 16

01111811 12

Ominum (1481 12

0111181142 8; 0111018111 01111111 [Aegypti] 856 6,

84818ςΚ11118105191ς

11111181110481 20

(1524 8; 11111111 83 8

0111111(11188111)111“17180 8

0111181 Spartaria 848 8, 0111111111. 405 8
cartago Partaria 805 1, 01111Β1111111111.01111311·

(1515 14

lenis

011111111561, 84518 11111111111111118110502 9;
01111111 844 5; 01111111 111110111111111111112481

11111 1111811111 11 111111111111111111.) 111 1
011111 100 10, 865 9, 0118111111Η81111.) 61 11

(1580 28

0111111111 (Indiae) 72 2

01111111141214, (150022 0111111111 45 21, 48 6,

0111111111. 890 1
0111 (Foro) 285 14

0111 municipium (1517 16;

0111 846 11

011111111 277 10; 0111111-

num G481 16
0111111171 8
Caspi 50 8
Caspiae civ. 74 2
Caspiae patria 68 19
caspias portas 48 15, 417 2,
Caspium portae 80 10

01111111 montibus 828 10·
Caspiis montibus (1551 2·

011111111111111516,18 24613 3017

G 5484

55 8, 615, 68 8,
6415, 66 18, 79 6,
8211, 8518; 01111-
rium 44 7, 516, 55
10, 5810, 70 11,
9118, 118 6, 18914,
15814, 162 5, 248 4,
247 4, 80116, (1494 8;
..cosmographum 40 11,
15416; -Romanorum
111111811111111707, 91
15; -Romanorum phi-
1111111118911, 1472,
171121806, 1864,
19815, 2142, 28614.

011111111(81111111) 94 15

Caspium (Oceano) 62 16, 01111111199612
114 163 Caspio Oceano Castra Aniba! of. 01111111

77 16, 421 8

Hannibal

 

