6⁰6 616611.

(11116166. 406 16 24817, 29610, 901
(1111661616 2977 11; -66111661166417ς
(11161111. 204 16 (16111166 29 16
Gimandrion prov. 66 6 (16111166 61. (1611166
(1161666166 11. 68 7 Gozar (Madia minor) 64 13
(1161616116920 9 (1166666 911. 16
(1161611128 8, 202 14 (1166666166. 441 17
Giprum ii. 4968 Ι ’ Graecae aiv. 287 1; (116611
(11666166960 16; Gypoaraa, (1489 16

(162011; (11666116141 2⁵Graociphilosophi (1493 161
61166687 21; girat 22 9, Graecorum mesogia 90 9;

248 7, 4189 -616666666911ος-66-
(1111111414, 1111111969 19 trias 91 191 ...philoso-
Giihorum 176 2 phus 170 16; - philo—
Gittir 61. Githi sophum 192 12, 198 ,13 ²
gladius versatilis 17 21 -philosophi 9 19, 428
Glandimarium 308 3 1ος -philosophoa 91 14,
(116666661661642712 1 17119, 180 6, 186 3,
1111616616 878 91 1111616166 G, 193 14, 209 4

639 18 (11616269 6, (1467 3
(11661 (Foro) 286 81 Foro 6161111661 (1466 14

Flogdis (1488 19 (11616616 71 22
Gloditana 206 10 (116611666 61. Granioon

(1166169116 161666166161666 6 4, 80 ὃς

Gnatia 61. 4666611661 ¹ 616666 eremum 116 183

(1116666397 4 6166616661166219 12

Gobdia‘ 44 16 (116666 96 6

(16616 194 12, 964 14ςι81661666363 7; (1111161666
66661161 1 urana

(1616116681 1 Grannona 976 1, (1697 91

(1616666 ins. 419 16 Granona 190 11

(16666116 231 1 (1166666 61. Grannona

, Gothis 972 7, (1634 24 gratis dare 18

Gothus 292 4; Gothorum Gravete 62 6
philosophus 201 7, 212 Grauisca 297 6, 896 6,
12, (1664 21 -phi- G474 6, 6111
16666666219 9, 22112, (11666 (1489 19; Graecae
22311, 22616, 22619; 287 1 ,
-611116666111201 17, (1664 Gregorius 169 8
12; -philosophos 203 1, (116166 196 17
214 6, 226 16, 280 7, (11661111. 204 17

 

