353 raon.

8010101111 340 81 SolariumtSpane 48 1
1141, 001010 1011101111111
Solarium 01. 80101101011 Spania 9 3, 3013111101,
8015001110 149 14 30314, 307 8, 30818,
80130 01. 80100 (Ciliciae) 310 9, 319 17, 3331.
8010110110. 403 41 tatia, 810131 8101100819,
408 9 167 5, 313 5, 3144,
8010101011 regionem Geta 334 3, 414 8, 443 5.
18 101 8101101301517,
solertissimi viri 4 9, 113 3319, 3333, 34413,
son 111 1 418 63 cs. Hispanias
Solia 0. 405 30 ispaniam
Solinga 47 1 Spanieus (00001101 (1555 51
801101 333 3 81011101 335 3
8010310110 01. 8010300110 Ι81110110000110 399 3.17,
8010300110101141801031-, 418 51 Spanoguasoonise
0110 300 141 8010011111 333 818001011000011011

011111 3991313, 30013171 ’

80100(81110100)93 11, 35931 Spanosg'aasooniam (1555
80130 Gaio l 10
80100 (Cypri) 998 13 ι8ρο10100000110010100001101
8011000100 75 14 (1555 41 Spanoguasconiei
80110 01. Gonia 335 3
8011010 315 13 SpanommpatriaS 17, 3031
sophias 0111111110 (1519 5 1811101001. (3011010
8010 375 71 8110847917 Sparthon 191 3
soromatas Spasinuoaras 53 71 tatia
8010110315 7 54 16
Sorores 319 15 spatiosissimas patriae 7 51
80001110 oi. 81001110 spatiosissimum desertum
Sostrate (indiae) 53 17 7 1
Sostrate 1101013101 44 30 81001101 138 5
801130 73 4 Speculum 159 15
8011100 11. 405 5 spallam (1493 11
Spadois 133 5 810111000101100) (1506 351
8101011101 (1543 111 Spa· Speluncae 0437 91 Spa-
10111101309 818101011111 1010003619, 3394
080 9 Speluncas (Africae) 353 13,
8101011101, 8101011111 cf. (3621 30
8101011101 Spsnemiris 133 17
8110100110 135 16 Speridium 317 3

 

