645 tenax.

135555 47 12 135555 05511115 228 15
Racha 85 2 Ravatonium 435 22
13555553 18 3555551555 424 13
1355155555 ins. 389 18 Ravenna 38 10, 258 3,
13555155 ina. 391 17 3261, 33011, 38311,
Rana 356 91 Baiis (1524 0461 20, 502 5, 504
113 13165837 20, 508 5, 544 171
Bagauna 49 14 Ravennam 290 5, 384
Ragaunia6510 14, 054421
1355551555115115555151208 10 1355555551551 (Natiolum) 0
1351555 43 3 · 506 16
Rama (Burgundia'e) 240 5 35555551151115551515124714
Rama (Palaestinae) 82 15 13555515 431 2
Ramnitis 124 6 Raxaturis 56 14
13555 43 1 Raxtomessa fl. 439 1
135551ιί 533 135515 0491 8
13555 279 14; 1355555 011355115551 0491 12
483 14 Reatino agro 0453 5
Rani 281 7, 0484 20 135555 79 14
13551555 292 11 Reeima 51. Ricina
Ranilum 191 4 Recine 0490 16

135515 222 21 15551555555111155 38411, 0

1355555 0483 14; 13555 5431
279 14 1355155555 fl. (Retron) 290 10
Raparia 224 7, 381 14, 13555515(Αή551515) 05353
0543 11 13515555 51. Rerefennrum
1355115555 87 4 reflexus litoris 0590 11
Raptum 66 19 Regaina 155. 440 13
Raramdula 71 15 Reganum fl. 229 19
135515 51. 13565 Regentium 423 14
13551111555 51. Rusticiana Regia (Columna) 263 12,
13515555531319 33115, 04719, 5089
Bate Corinn 429 3 Regiano 190 2
Ratiaria 190 6 Regiensis fretum 294 3
135115 ins. 442 17 Regii ef. Regiam
Ratieinm (Epitauron) 0541 Regina 315 1
25 iReginia colonia 0493 2
1351551155 95 13 Regio 51. Regium
Ratyra 179 8 Regia 51. aqua Regia
Raugie fl. 0553 21 Bangie Regium (Italiae) 0455 19,
fl. 200 11 4718, 508 4.3ς -quaai

 

